resolution_m: 0.100000
numberofangles: 4
totalnumberofprimitives: 24
primID: 0
startangle_c: 0
endpose_c: 1 0 0
additionalactioncostmult: 1
intermediateposes: 10
0.0000 0.0000 0.000000
0.0111 0.0000 0.000000
0.0222 0.0000 0.000000
0.0333 0.0000 0.000000
0.0444 0.0000 0.000000
0.0556 0.0000 0.000000
0.0667 0.0000 0.000000
0.0778 0.0000 0.000000
0.0889 0.0000 0.000000
0.1000 0.0000 0.000000
primID: 1
startangle_c: 1
endpose_c: 0 1 1
additionalactioncostmult: 1
intermediateposes: 10
0.0000 0.0000 1.570796
0.0000 0.0111 1.570796
0.0000 0.0222 1.570796
0.0000 0.0333 1.570796
0.0000 0.0444 1.570796
0.0000 0.0556 1.570796
0.0000 0.0667 1.570796
0.0000 0.0778 1.570796
0.0000 0.0889 1.570796
0.0000 0.1000 1.570796
primID: 2
startangle_c: 2
endpose_c: -1 0 2
additionalactioncostmult: 1
intermediateposes: 10
0.0000 0.0000 3.141593
-0.0111 0.0000 3.141593
-0.0222 0.0000 3.141593
-0.0333 0.0000 3.141593
-0.0444 0.0000 3.141593
-0.0556 0.0000 3.141593
-0.0667 0.0000 3.141593
-0.0778 0.0000 3.141593
-0.0889 0.0000 3.141593
-0.1000 0.0000 3.141593
primID: 3
startangle_c: 3
endpose_c: 0 -1 3
additionalactioncostmult: 1
intermediateposes: 10
0.0000 0.0000 4.712389
0.0000 -0.0111 4.712389
0.0000 -0.0222 4.712389
0.0000 -0.0333 4.712389
0.0000 -0.0444 4.712389
0.0000 -0.0556 4.712389
0.0000 -0.0667 4.712389
0.0000 -0.0778 4.712389
0.0000 -0.0889 4.712389
0.0000 -0.1000 4.712389
primID: 4
startangle_c: 0
endpose_c: 2 0 0
additionalactioncostmult: 1
intermediateposes: 10
0.0000 0.0000 0.000000
0.0222 0.0000 0.000000
0.0444 0.0000 0.000000
0.0667 0.0000 0.000000
0.0889 0.0000 0.000000
0.1111 0.0000 0.000000
0.1333 0.0000 0.000000
0.1556 0.0000 0.000000
0.1778 0.0000 0.000000
0.2000 0.0000 0.000000
primID: 5
startangle_c: 1
endpose_c: 0 2 1
additionalactioncostmult: 1
intermediateposes: 10
0.0000 0.0000 1.570796
0.0000 0.0222 1.570796
0.0000 0.0444 1.570796
0.0000 0.0667 1.570796
0.0000 0.0889 1.570796
0.0000 0.1111 1.570796
0.0000 0.1333 1.570796
0.0000 0.1556 1.570796
0.0000 0.1778 1.570796
0.0000 0.2000 1.570796
primID: 6
startangle_c: 2
endpose_c: -2 0 2
additionalactioncostmult: 1
intermediateposes: 10
0.0000 0.0000 3.141593
-0.0222 0.0000 3.141593
-0.0444 0.0000 3.141593
-0.0667 0.0000 3.141593
-0.0889 0.0000 3.141593
-0.1111 0.0000 3.141593
-0.1333 0.0000 3.141593
-0.1556 0.0000 3.141593
-0.1778 0.0000 3.141593
-0.2000 0.0000 3.141593
primID: 7
startangle_c: 3
endpose_c: 0 -2 3
additionalactioncostmult: 1
intermediateposes: 10
0.0000 0.0000 4.712389
0.0000 -0.0222 4.712389
0.0000 -0.0444 4.712389
0.0000 -0.0667 4.712389
0.0000 -0.0889 4.712389
0.0000 -0.1111 4.712389
0.0000 -0.1333 4.712389
0.0000 -0.1556 4.712389
0.0000 -0.1778 4.712389
0.0000 -0.2000 4.712389
primID: 8
startangle_c: 0
endpose_c: 5 0 0
additionalactioncostmult: 1
intermediateposes: 10
0.0000 0.0000 0.000000
0.0556 0.0000 0.000000
0.1111 0.0000 0.000000
0.1667 0.0000 0.000000
0.2222 0.0000 0.000000
0.2778 0.0000 0.000000
0.3333 0.0000 0.000000
0.3889 0.0000 0.000000
0.4444 0.0000 0.000000
0.5000 0.0000 0.000000
primID: 9
startangle_c: 1
endpose_c: 0 5 1
additionalactioncostmult: 1
intermediateposes: 10
0.0000 0.0000 1.570796
0.0000 0.0556 1.570796
0.0000 0.1111 1.570796
0.0000 0.1667 1.570796
0.0000 0.2222 1.570796
0.0000 0.2778 1.570796
0.0000 0.3333 1.570796
0.0000 0.3889 1.570796
0.0000 0.4444 1.570796
0.0000 0.5000 1.570796
primID: 10
startangle_c: 2
endpose_c: -5 0 2
additionalactioncostmult: 1
intermediateposes: 10
0.0000 0.0000 3.141593
-0.0556 0.0000 3.141593
-0.1111 0.0000 3.141593
-0.1667 0.0000 3.141593
-0.2222 0.0000 3.141593
-0.2778 0.0000 3.141593
-0.3333 0.0000 3.141593
-0.3889 0.0000 3.141593
-0.4444 0.0000 3.141593
-0.5000 0.0000 3.141593
primID: 11
startangle_c: 3
endpose_c: 0 -5 3
additionalactioncostmult: 1
intermediateposes: 10
0.0000 0.0000 4.712389
0.0000 -0.0556 4.712389
0.0000 -0.1111 4.712389
0.0000 -0.1667 4.712389
0.0000 -0.2222 4.712389
0.0000 -0.2778 4.712389
0.0000 -0.3333 4.712389
0.0000 -0.3889 4.712389
0.0000 -0.4444 4.712389
0.0000 -0.5000 4.712389
primID: 12
startangle_c: 0
endpose_c: 20 0 0
additionalactioncostmult: 1
intermediateposes: 10
0.0000 0.0000 0.000000
0.2222 0.0000 0.000000
0.4444 0.0000 0.000000
0.6667 0.0000 0.000000
0.8889 0.0000 0.000000
1.1111 0.0000 0.000000
1.3333 0.0000 0.000000
1.5556 0.0000 0.000000
1.7778 0.0000 0.000000
2.0000 0.0000 0.000000
primID: 13
startangle_c: 1
endpose_c: 0 20 1
additionalactioncostmult: 1
intermediateposes: 10
0.0000 0.0000 1.570796
0.0000 0.2222 1.570796
0.0000 0.4444 1.570796
0.0000 0.6667 1.570796
0.0000 0.8889 1.570796
0.0000 1.1111 1.570796
0.0000 1.3333 1.570796
0.0000 1.5556 1.570796
0.0000 1.7778 1.570796
0.0000 2.0000 1.570796
primID: 14
startangle_c: 2
endpose_c: -20 0 2
additionalactioncostmult: 1
intermediateposes: 10
0.0000 0.0000 3.141593
-0.2222 0.0000 3.141593
-0.4444 0.0000 3.141593
-0.6667 0.0000 3.141593
-0.8889 0.0000 3.141593
-1.1111 0.0000 3.141593
-1.3333 0.0000 3.141593
-1.5556 0.0000 3.141593
-1.7778 0.0000 3.141593
-2.0000 0.0000 3.141593
primID: 15
startangle_c: 3
endpose_c: 0 -20 3
additionalactioncostmult: 1
intermediateposes: 10
0.0000 0.0000 4.712389
0.0000 -0.2222 4.712389
0.0000 -0.4444 4.712389
0.0000 -0.6667 4.712389
0.0000 -0.8889 4.712389
0.0000 -1.1111 4.712389
0.0000 -1.3333 4.712389
0.0000 -1.5556 4.712389
0.0000 -1.7778 4.712389
0.0000 -2.0000 4.712389
primID: 16
startangle_c: 7
endpose_c: 0 0 0
additionalactioncostmult: 50
intermediateposes: 10
0.0000 0.0000 10.995574
0.0000 0.0000 9.773844
0.0000 0.0000 8.552113
0.0000 0.0000 7.330383
0.0000 0.0000 6.108652
0.0000 0.0000 4.886922
0.0000 0.0000 3.665191
0.0000 0.0000 2.443461
0.0000 0.0000 1.221730
0.0000 0.0000 -0.000000
primID: 17
startangle_c: 0
endpose_c: 0 0 7
additionalactioncostmult: 50
intermediateposes: 10
0.0000 0.0000 0.000000
0.0000 0.0000 1.221730
0.0000 0.0000 2.443461
0.0000 0.0000 3.665191
0.0000 0.0000 4.886922
0.0000 0.0000 6.108652
0.0000 0.0000 7.330383
0.0000 0.0000 8.552113
0.0000 0.0000 9.773844
0.0000 0.0000 10.995574
primID: 18
startangle_c: 0
endpose_c: 0 0 1
additionalactioncostmult: 50
intermediateposes: 10
0.0000 0.0000 0.000000
0.0000 0.0000 0.174533
0.0000 0.0000 0.349066
0.0000 0.0000 0.523599
0.0000 0.0000 0.698132
0.0000 0.0000 0.872665
0.0000 0.0000 1.047198
0.0000 0.0000 1.221730
0.0000 0.0000 1.396263
0.0000 0.0000 1.570796
primID: 19
startangle_c: 1
endpose_c: 0 0 0
additionalactioncostmult: 50
intermediateposes: 10
0.0000 0.0000 1.570796
0.0000 0.0000 1.396263
0.0000 0.0000 1.221730
0.0000 0.0000 1.047198
0.0000 0.0000 0.872665
0.0000 0.0000 0.698132
0.0000 0.0000 0.523599
0.0000 0.0000 0.349066
0.0000 0.0000 0.174533
0.0000 0.0000 -0.000000
primID: 20
startangle_c: 1
endpose_c: 0 0 2
additionalactioncostmult: 50
intermediateposes: 10
0.0000 0.0000 1.570796
0.0000 0.0000 1.745329
0.0000 0.0000 1.919862
0.0000 0.0000 2.094395
0.0000 0.0000 2.268928
0.0000 0.0000 2.443461
0.0000 0.0000 2.617994
0.0000 0.0000 2.792527
0.0000 0.0000 2.967060
0.0000 0.0000 3.141593
primID: 21
startangle_c: 2
endpose_c: 0 0 1
additionalactioncostmult: 50
intermediateposes: 10
0.0000 0.0000 3.141593
0.0000 0.0000 2.967060
0.0000 0.0000 2.792527
0.0000 0.0000 2.617994
0.0000 0.0000 2.443461
0.0000 0.0000 2.268928
0.0000 0.0000 2.094395
0.0000 0.0000 1.919862
0.0000 0.0000 1.745329
0.0000 0.0000 1.570796
primID: 22
startangle_c: 2
endpose_c: 0 0 3
additionalactioncostmult: 50
intermediateposes: 10
0.0000 0.0000 3.141593
0.0000 0.0000 3.316126
0.0000 0.0000 3.490659
0.0000 0.0000 3.665191
0.0000 0.0000 3.839724
0.0000 0.0000 4.014257
0.0000 0.0000 4.188790
0.0000 0.0000 4.363323
0.0000 0.0000 4.537856
0.0000 0.0000 4.712389
primID: 23
startangle_c: 3
endpose_c: 0 0 2
additionalactioncostmult: 50
intermediateposes: 10
0.0000 0.0000 4.712389
0.0000 0.0000 4.537856
0.0000 0.0000 4.363323
0.0000 0.0000 4.188790
0.0000 0.0000 4.014257
0.0000 0.0000 3.839724
0.0000 0.0000 3.665191
0.0000 0.0000 3.490659
0.0000 0.0000 3.316126
0.0000 0.0000 3.141593
primID: 24
startangle_c: 0
endpose_c: 7 0 0
additionalactioncostmult: 1
intermediateposes: 10
0.0000 0.0000 0.000000
0.0778 0.0000 0.000000
0.1556 0.0000 0.000000
0.2333 0.0000 0.000000
0.3111 0.0000 0.000000
0.3889 0.0000 0.000000
0.4667 0.0000 0.000000
0.5444 0.0000 0.000000
0.6222 0.0000 0.000000
0.7000 0.0000 0.000000
primID: 25
startangle_c: 1
endpose_c: 0 7 1
additionalactioncostmult: 1
intermediateposes: 10
0.0000 0.0000 1.570796
0.0000 0.0778 1.570796
0.0000 0.1556 1.570796
0.0000 0.2333 1.570796
0.0000 0.3111 1.570796
0.0000 0.3889 1.570796
0.0000 0.4667 1.570796
0.0000 0.5444 1.570796
0.0000 0.6222 1.570796
0.0000 0.7000 1.570796
primID: 26
startangle_c: 2
endpose_c: -7 0 2
additionalactioncostmult: 1
intermediateposes: 10
0.0000 0.0000 3.141593
-0.0778 0.0000 3.141593
-0.1556 0.0000 3.141593
-0.2333 0.0000 3.141593
-0.3111 0.0000 3.141593
-0.3889 0.0000 3.141593
-0.4667 0.0000 3.141593
-0.5444 0.0000 3.141593
-0.6222 0.0000 3.141593
-0.7000 0.0000 3.141593
primID: 27
startangle_c: 3
endpose_c: 0 -7 3
additionalactioncostmult: 1
intermediateposes: 10
0.0000 0.0000 4.712389
0.0000 -0.0778 4.712389
0.0000 -0.1556 4.712389
0.0000 -0.2333 4.712389
0.0000 -0.3111 4.712389
0.0000 -0.3889 4.712389
0.0000 -0.4667 4.712389
0.0000 -0.5444 4.712389
0.0000 -0.6222 4.712389
0.0000 -0.7000 4.712389
primID: 28
startangle_c: 0
endpose_c: 10 0 0
additionalactioncostmult: 1
intermediateposes: 10
0.0000 0.0000 0.000000
0.1111 0.0000 0.000000
0.2222 0.0000 0.000000
0.3333 0.0000 0.000000
0.4444 0.0000 0.000000
0.5556 0.0000 0.000000
0.6667 0.0000 0.000000
0.7778 0.0000 0.000000
0.8889 0.0000 0.000000
1.0000 0.0000 0.000000
primID: 29
startangle_c: 1
endpose_c: 0 10 1
additionalactioncostmult: 1
intermediateposes: 10
0.0000 0.0000 1.570796
0.0000 0.1111 1.570796
0.0000 0.2222 1.570796
0.0000 0.3333 1.570796
0.0000 0.4444 1.570796
0.0000 0.5556 1.570796
0.0000 0.6667 1.570796
0.0000 0.7778 1.570796
0.0000 0.8889 1.570796
0.0000 1.0000 1.570796
primID: 30
startangle_c: 2
endpose_c: -10 0 2
additionalactioncostmult: 1
intermediateposes: 10
0.0000 0.0000 3.141593
-0.1111 0.0000 3.141593
-0.2222 0.0000 3.141593
-0.3333 0.0000 3.141593
-0.4444 0.0000 3.141593
-0.5556 0.0000 3.141593
-0.6667 0.0000 3.141593
-0.7778 0.0000 3.141593
-0.8889 0.0000 3.141593
-1.0000 0.0000 3.141593
primID: 31
startangle_c: 3
endpose_c: 0 -10 3
additionalactioncostmult: 1
intermediateposes: 10
0.0000 0.0000 4.712389
0.0000 -0.1111 4.712389
0.0000 -0.2222 4.712389
0.0000 -0.3333 4.712389
0.0000 -0.4444 4.712389
0.0000 -0.5556 4.712389
0.0000 -0.6667 4.712389
0.0000 -0.7778 4.712389
0.0000 -0.8889 4.712389
0.0000 -1.0000 4.712389