resolution_m: 0.100000
numberofangles: 8
totalnumberofprimitives: 40
primID: 0
startangle_c: 0
endpose_c: 1 0 0
additionalactioncostmult: 1
intermediateposes: 10
0.0000 0.0000 0.000000
0.0111 0.0000 0.000000
0.0222 0.0000 0.000000
0.0333 0.0000 0.000000
0.0444 0.0000 0.000000
0.0556 0.0000 0.000000
0.0667 0.0000 0.000000
0.0778 0.0000 0.000000
0.0889 0.0000 0.000000
0.1000 0.0000 0.000000
primID: 1
startangle_c: 1
endpose_c: 1 1 1
additionalactioncostmult: 1
intermediateposes: 10
0.0000 0.0000 0.785398
0.0111 0.0111 0.785398
0.0222 0.0222 0.785398
0.0333 0.0333 0.785398
0.0444 0.0444 0.785398
0.0556 0.0556 0.785398
0.0667 0.0667 0.785398
0.0778 0.0778 0.785398
0.0889 0.0889 0.785398
0.1000 0.1000 0.785398
primID: 2
startangle_c: 2
endpose_c: 0 1 2
additionalactioncostmult: 1
intermediateposes: 10
0.0000 0.0000 1.570796
0.0000 0.0111 1.570796
0.0000 0.0222 1.570796
0.0000 0.0333 1.570796
0.0000 0.0444 1.570796
0.0000 0.0556 1.570796
0.0000 0.0667 1.570796
0.0000 0.0778 1.570796
0.0000 0.0889 1.570796
0.0000 0.1000 1.570796
primID: 3
startangle_c: 3
endpose_c: -1 1 3
additionalactioncostmult: 1
intermediateposes: 10
0.0000 0.0000 2.356194
-0.0111 0.0111 2.356194
-0.0222 0.0222 2.356194
-0.0333 0.0333 2.356194
-0.0444 0.0444 2.356194
-0.0556 0.0556 2.356194
-0.0667 0.0667 2.356194
-0.0778 0.0778 2.356194
-0.0889 0.0889 2.356194
-0.1000 0.1000 2.356194
primID: 4
startangle_c: 4
endpose_c: -1 0 4
additionalactioncostmult: 1
intermediateposes: 10
0.0000 0.0000 3.141593
-0.0111 0.0000 3.141593
-0.0222 0.0000 3.141593
-0.0333 0.0000 3.141593
-0.0444 0.0000 3.141593
-0.0556 0.0000 3.141593
-0.0667 0.0000 3.141593
-0.0778 0.0000 3.141593
-0.0889 0.0000 3.141593
-0.1000 0.0000 3.141593
primID: 5
startangle_c: 5
endpose_c: -1 -1 5
additionalactioncostmult: 1
intermediateposes: 10
0.0000 0.0000 3.926991
-0.0111 -0.0111 3.926991
-0.0222 -0.0222 3.926991
-0.0333 -0.0333 3.926991
-0.0444 -0.0444 3.926991
-0.0556 -0.0556 3.926991
-0.0667 -0.0667 3.926991
-0.0778 -0.0778 3.926991
-0.0889 -0.0889 3.926991
-0.1000 -0.1000 3.926991
primID: 6
startangle_c: 6
endpose_c: 0 -1 6
additionalactioncostmult: 1
intermediateposes: 10
0.0000 0.0000 4.712389
0.0000 -0.0111 4.712389
0.0000 -0.0222 4.712389
0.0000 -0.0333 4.712389
0.0000 -0.0444 4.712389
0.0000 -0.0556 4.712389
0.0000 -0.0667 4.712389
0.0000 -0.0778 4.712389
0.0000 -0.0889 4.712389
0.0000 -0.1000 4.712389
primID: 7
startangle_c: 7
endpose_c: 1 -1 7
additionalactioncostmult: 1
intermediateposes: 10
0.0000 0.0000 5.497787
0.0111 -0.0111 5.497787
0.0222 -0.0222 5.497787
0.0333 -0.0333 5.497787
0.0444 -0.0444 5.497787
0.0556 -0.0556 5.497787
0.0667 -0.0667 5.497787
0.0778 -0.0778 5.497787
0.0889 -0.0889 5.497787
0.1000 -0.1000 5.497787
primID: 8
startangle_c: 0
endpose_c: 2 0 0
additionalactioncostmult: 1
intermediateposes: 10
0.0000 0.0000 0.000000
0.0222 0.0000 0.000000
0.0444 0.0000 0.000000
0.0667 0.0000 0.000000
0.0889 0.0000 0.000000
0.1111 0.0000 0.000000
0.1333 0.0000 0.000000
0.1556 0.0000 0.000000
0.1778 0.0000 0.000000
0.2000 0.0000 0.000000
primID: 9
startangle_c: 1
endpose_c: 2 2 1
additionalactioncostmult: 1
intermediateposes: 10
0.0000 0.0000 0.785398
0.0222 0.0222 0.785398
0.0444 0.0444 0.785398
0.0667 0.0667 0.785398
0.0889 0.0889 0.785398
0.1111 0.1111 0.785398
0.1333 0.1333 0.785398
0.1556 0.1556 0.785398
0.1778 0.1778 0.785398
0.2000 0.2000 0.785398
primID: 10
startangle_c: 2
endpose_c: 0 2 2
additionalactioncostmult: 1
intermediateposes: 10
0.0000 0.0000 1.570796
0.0000 0.0222 1.570796
0.0000 0.0444 1.570796
0.0000 0.0667 1.570796
0.0000 0.0889 1.570796
0.0000 0.1111 1.570796
0.0000 0.1333 1.570796
0.0000 0.1556 1.570796
0.0000 0.1778 1.570796
0.0000 0.2000 1.570796
primID: 11
startangle_c: 3
endpose_c: -2 2 3
additionalactioncostmult: 1
intermediateposes: 10
0.0000 0.0000 2.356194
-0.0222 0.0222 2.356194
-0.0444 0.0444 2.356194
-0.0667 0.0667 2.356194
-0.0889 0.0889 2.356194
-0.1111 0.1111 2.356194
-0.1333 0.1333 2.356194
-0.1556 0.1556 2.356194
-0.1778 0.1778 2.356194
-0.2000 0.2000 2.356194
primID: 12
startangle_c: 4
endpose_c: -2 0 4
additionalactioncostmult: 1
intermediateposes: 10
0.0000 0.0000 3.141593
-0.0222 0.0000 3.141593
-0.0444 0.0000 3.141593
-0.0667 0.0000 3.141593
-0.0889 0.0000 3.141593
-0.1111 0.0000 3.141593
-0.1333 0.0000 3.141593
-0.1556 0.0000 3.141593
-0.1778 0.0000 3.141593
-0.2000 0.0000 3.141593
primID: 13
startangle_c: 5
endpose_c: -2 -2 5
additionalactioncostmult: 1
intermediateposes: 10
0.0000 0.0000 3.926991
-0.0222 -0.0222 3.926991
-0.0444 -0.0444 3.926991
-0.0667 -0.0667 3.926991
-0.0889 -0.0889 3.926991
-0.1111 -0.1111 3.926991
-0.1333 -0.1333 3.926991
-0.1556 -0.1556 3.926991
-0.1778 -0.1778 3.926991
-0.2000 -0.2000 3.926991
primID: 14
startangle_c: 6
endpose_c: 0 -2 6
additionalactioncostmult: 1
intermediateposes: 10
0.0000 0.0000 4.712389
0.0000 -0.0222 4.712389
0.0000 -0.0444 4.712389
0.0000 -0.0667 4.712389
0.0000 -0.0889 4.712389
0.0000 -0.1111 4.712389
0.0000 -0.1333 4.712389
0.0000 -0.1556 4.712389
0.0000 -0.1778 4.712389
0.0000 -0.2000 4.712389
primID: 15
startangle_c: 7
endpose_c: 2 -2 7
additionalactioncostmult: 1
intermediateposes: 10
0.0000 0.0000 5.497787
0.0222 -0.0222 5.497787
0.0444 -0.0444 5.497787
0.0667 -0.0667 5.497787
0.0889 -0.0889 5.497787
0.1111 -0.1111 5.497787
0.1333 -0.1333 5.497787
0.1556 -0.1556 5.497787
0.1778 -0.1778 5.497787
0.2000 -0.2000 5.497787
primID: 16
startangle_c: 0
endpose_c: 5 0 0
additionalactioncostmult: 1
intermediateposes: 10
0.0000 0.0000 0.000000
0.0556 0.0000 0.000000
0.1111 0.0000 0.000000
0.1667 0.0000 0.000000
0.2222 0.0000 0.000000
0.2778 0.0000 0.000000
0.3333 0.0000 0.000000
0.3889 0.0000 0.000000
0.4444 0.0000 0.000000
0.5000 0.0000 0.000000
primID: 17
startangle_c: 1
endpose_c: 5 5 1
additionalactioncostmult: 1
intermediateposes: 10
0.0000 0.0000 0.785398
0.0556 0.0556 0.785398
0.1111 0.1111 0.785398
0.1667 0.1667 0.785398
0.2222 0.2222 0.785398
0.2778 0.2778 0.785398
0.3333 0.3333 0.785398
0.3889 0.3889 0.785398
0.4444 0.4444 0.785398
0.5000 0.5000 0.785398
primID: 18
startangle_c: 2
endpose_c: 0 5 2
additionalactioncostmult: 1
intermediateposes: 10
0.0000 0.0000 1.570796
0.0000 0.0556 1.570796
0.0000 0.1111 1.570796
0.0000 0.1667 1.570796
0.0000 0.2222 1.570796
0.0000 0.2778 1.570796
0.0000 0.3333 1.570796
0.0000 0.3889 1.570796
0.0000 0.4444 1.570796
0.0000 0.5000 1.570796
primID: 19
startangle_c: 3
endpose_c: -5 5 3
additionalactioncostmult: 1
intermediateposes: 10
0.0000 0.0000 2.356194
-0.0556 0.0556 2.356194
-0.1111 0.1111 2.356194
-0.1667 0.1667 2.356194
-0.2222 0.2222 2.356194
-0.2778 0.2778 2.356194
-0.3333 0.3333 2.356194
-0.3889 0.3889 2.356194
-0.4444 0.4444 2.356194
-0.5000 0.5000 2.356194
primID: 20
startangle_c: 4
endpose_c: -5 0 4
additionalactioncostmult: 1
intermediateposes: 10
0.0000 0.0000 3.141593
-0.0556 0.0000 3.141593
-0.1111 0.0000 3.141593
-0.1667 0.0000 3.141593
-0.2222 0.0000 3.141593
-0.2778 0.0000 3.141593
-0.3333 0.0000 3.141593
-0.3889 0.0000 3.141593
-0.4444 0.0000 3.141593
-0.5000 0.0000 3.141593
primID: 21
startangle_c: 5
endpose_c: -5 -5 5
additionalactioncostmult: 1
intermediateposes: 10
0.0000 0.0000 3.926991
-0.0556 -0.0556 3.926991
-0.1111 -0.1111 3.926991
-0.1667 -0.1667 3.926991
-0.2222 -0.2222 3.926991
-0.2778 -0.2778 3.926991
-0.3333 -0.3333 3.926991
-0.3889 -0.3889 3.926991
-0.4444 -0.4444 3.926991
-0.5000 -0.5000 3.926991
primID: 22
startangle_c: 6
endpose_c: 0 -5 6
additionalactioncostmult: 1
intermediateposes: 10
0.0000 0.0000 4.712389
0.0000 -0.0556 4.712389
0.0000 -0.1111 4.712389
0.0000 -0.1667 4.712389
0.0000 -0.2222 4.712389
0.0000 -0.2778 4.712389
0.0000 -0.3333 4.712389
0.0000 -0.3889 4.712389
0.0000 -0.4444 4.712389
0.0000 -0.5000 4.712389
primID: 23
startangle_c: 7
endpose_c: 5 -5 7
additionalactioncostmult: 1
intermediateposes: 10
0.0000 0.0000 5.497787
0.0556 -0.0556 5.497787
0.1111 -0.1111 5.497787
0.1667 -0.1667 5.497787
0.2222 -0.2222 5.497787
0.2778 -0.2778 5.497787
0.3333 -0.3333 5.497787
0.3889 -0.3889 5.497787
0.4444 -0.4444 5.497787
0.5000 -0.5000 5.497787
primID: 24
startangle_c: 7
endpose_c: 0 0 0
additionalactioncostmult: 50
intermediateposes: 10
0.0000 0.0000 5.497787
0.0000 0.0000 4.886922
0.0000 0.0000 4.276057
0.0000 0.0000 3.665191
0.0000 0.0000 3.054326
0.0000 0.0000 2.443461
0.0000 0.0000 1.832596
0.0000 0.0000 1.221730
0.0000 0.0000 0.610865
0.0000 0.0000 -0.000000
primID: 25
startangle_c: 0
endpose_c: 0 0 7
additionalactioncostmult: 50
intermediateposes: 10
0.0000 0.0000 0.000000
0.0000 0.0000 0.610865
0.0000 0.0000 1.221730
0.0000 0.0000 1.832596
0.0000 0.0000 2.443461
0.0000 0.0000 3.054326
0.0000 0.0000 3.665191
0.0000 0.0000 4.276057
0.0000 0.0000 4.886922
0.0000 0.0000 5.497787
primID: 26
startangle_c: 0
endpose_c: 0 0 1
additionalactioncostmult: 50
intermediateposes: 10
0.0000 0.0000 0.000000
0.0000 0.0000 0.087266
0.0000 0.0000 0.174533
0.0000 0.0000 0.261799
0.0000 0.0000 0.349066
0.0000 0.0000 0.436332
0.0000 0.0000 0.523599
0.0000 0.0000 0.610865
0.0000 0.0000 0.698132
0.0000 0.0000 0.785398
primID: 27
startangle_c: 1
endpose_c: 0 0 0
additionalactioncostmult: 50
intermediateposes: 10
0.0000 0.0000 0.785398
0.0000 0.0000 0.698132
0.0000 0.0000 0.610865
0.0000 0.0000 0.523599
0.0000 0.0000 0.436332
0.0000 0.0000 0.349066
0.0000 0.0000 0.261799
0.0000 0.0000 0.174533
0.0000 0.0000 0.087266
0.0000 0.0000 -0.000000
primID: 28
startangle_c: 1
endpose_c: 0 0 2
additionalactioncostmult: 50
intermediateposes: 10
0.0000 0.0000 0.785398
0.0000 0.0000 0.872665
0.0000 0.0000 0.959931
0.0000 0.0000 1.047198
0.0000 0.0000 1.134464
0.0000 0.0000 1.221730
0.0000 0.0000 1.308997
0.0000 0.0000 1.396263
0.0000 0.0000 1.483530
0.0000 0.0000 1.570796
primID: 29
startangle_c: 2
endpose_c: 0 0 1
additionalactioncostmult: 50
intermediateposes: 10
0.0000 0.0000 1.570796
0.0000 0.0000 1.483530
0.0000 0.0000 1.396263
0.0000 0.0000 1.308997
0.0000 0.0000 1.221730
0.0000 0.0000 1.134464
0.0000 0.0000 1.047198
0.0000 0.0000 0.959931
0.0000 0.0000 0.872665
0.0000 0.0000 0.785398
primID: 30
startangle_c: 2
endpose_c: 0 0 3
additionalactioncostmult: 50
intermediateposes: 10
0.0000 0.0000 1.570796
0.0000 0.0000 1.658063
0.0000 0.0000 1.745329
0.0000 0.0000 1.832596
0.0000 0.0000 1.919862
0.0000 0.0000 2.007129
0.0000 0.0000 2.094395
0.0000 0.0000 2.181662
0.0000 0.0000 2.268928
0.0000 0.0000 2.356194
primID: 31
startangle_c: 3
endpose_c: 0 0 2
additionalactioncostmult: 50
intermediateposes: 10
0.0000 0.0000 2.356194
0.0000 0.0000 2.268928
0.0000 0.0000 2.181662
0.0000 0.0000 2.094395
0.0000 0.0000 2.007129
0.0000 0.0000 1.919862
0.0000 0.0000 1.832596
0.0000 0.0000 1.745329
0.0000 0.0000 1.658063
0.0000 0.0000 1.570796
primID: 32
startangle_c: 3
endpose_c: 0 0 4
additionalactioncostmult: 50
intermediateposes: 10
0.0000 0.0000 2.356194
0.0000 0.0000 2.443461
0.0000 0.0000 2.530727
0.0000 0.0000 2.617994
0.0000 0.0000 2.705260
0.0000 0.0000 2.792527
0.0000 0.0000 2.879793
0.0000 0.0000 2.967060
0.0000 0.0000 3.054326
0.0000 0.0000 3.141593
primID: 33
startangle_c: 4
endpose_c: 0 0 3
additionalactioncostmult: 50
intermediateposes: 10
0.0000 0.0000 3.141593
0.0000 0.0000 3.054326
0.0000 0.0000 2.967060
0.0000 0.0000 2.879793
0.0000 0.0000 2.792527
0.0000 0.0000 2.705260
0.0000 0.0000 2.617994
0.0000 0.0000 2.530727
0.0000 0.0000 2.443461
0.0000 0.0000 2.356194
primID: 34
startangle_c: 4
endpose_c: 0 0 5
additionalactioncostmult: 50
intermediateposes: 10
0.0000 0.0000 3.141593
0.0000 0.0000 3.228859
0.0000 0.0000 3.316126
0.0000 0.0000 3.403392
0.0000 0.0000 3.490659
0.0000 0.0000 3.577925
0.0000 0.0000 3.665191
0.0000 0.0000 3.752458
0.0000 0.0000 3.839724
0.0000 0.0000 3.926991
primID: 35
startangle_c: 5
endpose_c: 0 0 4
additionalactioncostmult: 50
intermediateposes: 10
0.0000 0.0000 3.926991
0.0000 0.0000 3.839724
0.0000 0.0000 3.752458
0.0000 0.0000 3.665191
0.0000 0.0000 3.577925
0.0000 0.0000 3.490659
0.0000 0.0000 3.403392
0.0000 0.0000 3.316126
0.0000 0.0000 3.228859
0.0000 0.0000 3.141593
primID: 36
startangle_c: 5
endpose_c: 0 0 6
additionalactioncostmult: 50
intermediateposes: 10
0.0000 0.0000 3.926991
0.0000 0.0000 4.014257
0.0000 0.0000 4.101524
0.0000 0.0000 4.188790
0.0000 0.0000 4.276057
0.0000 0.0000 4.363323
0.0000 0.0000 4.450590
0.0000 0.0000 4.537856
0.0000 0.0000 4.625123
0.0000 0.0000 4.712389
primID: 37
startangle_c: 6
endpose_c: 0 0 5
additionalactioncostmult: 50
intermediateposes: 10
0.0000 0.0000 4.712389
0.0000 0.0000 4.625123
0.0000 0.0000 4.537856
0.0000 0.0000 4.450590
0.0000 0.0000 4.363323
0.0000 0.0000 4.276057
0.0000 0.0000 4.188790
0.0000 0.0000 4.101524
0.0000 0.0000 4.014257
0.0000 0.0000 3.926991
primID: 38
startangle_c: 6
endpose_c: 0 0 7
additionalactioncostmult: 50
intermediateposes: 10
0.0000 0.0000 4.712389
0.0000 0.0000 4.799655
0.0000 0.0000 4.886922
0.0000 0.0000 4.974188
0.0000 0.0000 5.061455
0.0000 0.0000 5.148721
0.0000 0.0000 5.235988
0.0000 0.0000 5.323254
0.0000 0.0000 5.410521
0.0000 0.0000 5.497787
primID: 39
startangle_c: 7
endpose_c: 0 0 6
additionalactioncostmult: 50
intermediateposes: 10
0.0000 0.0000 5.497787
0.0000 0.0000 5.410521
0.0000 0.0000 5.323254
0.0000 0.0000 5.235988
0.0000 0.0000 5.148721
0.0000 0.0000 5.061455
0.0000 0.0000 4.974188
0.0000 0.0000 4.886922
0.0000 0.0000 4.799655
0.0000 0.0000 4.712389