2.2 2.2 1.570796
2.2 2.2556000000000003 1.570796
2.2 2.3111 1.570796
2.2 2.3667000000000002 1.570796
2.2 2.4222 1.570796
2.2 2.4778000000000002 1.570796
2.2 2.5333 1.570796
2.2 2.5889 1.570796
2.2 2.6444 1.570796
2.2 2.7 1.570796
2.2 2.7 1.570796
2.2 2.7222000000000004 1.570796
2.2 2.7444 1.570796
2.2 2.7667 1.570796
2.2 2.7889000000000004 1.570796
2.2 2.8111 1.570796
2.2 2.8333000000000004 1.570796
2.2 2.8556000000000004 1.570796
2.2 2.8778 1.570796
2.2 2.9000000000000004 1.570796
2.2 2.9000000000000004 1.570796
2.2 2.9111000000000002 1.570796
2.2 2.9222000000000006 1.570796
2.2 2.9333000000000005 1.570796
2.2 2.9444000000000004 1.570796
2.2 2.9556000000000004 1.570796
2.2 2.9667000000000003 1.570796
2.2 2.9778000000000002 1.570796
2.2 2.9889000000000006 1.570796
2.2 3.0000000000000004 1.570796
